103.380928 410
0.168575 194.378082 -84.952087 -391.522369 -0.005087 -0.717013 0.001070 0.697041
0.420424 177.712585 -84.900658 -392.356476 -0.006299 -0.733117 0.000332 0.680074
0.673357 160.357986 -84.814949 -394.030243 -0.003341 -0.748166 -0.003437 0.663495
0.927818 143.645721 -84.711990 -396.149475 -0.007554 -0.750638 0.001352 0.660669
1.178661 126.855797 -84.598022 -398.306427 -0.010171 -0.750774 0.001644 0.660479
1.431424 109.311638 -84.478470 -400.567200 -0.011569 -0.750849 0.001311 0.660371
1.685582 92.365509 -84.349594 -402.757812 -0.011539 -0.751061 -0.000150 0.660132
1.939412 75.347473 -84.189453 -404.965332 -0.010313 -0.751223 0.000227 0.659967
2.193386 57.573280 -84.029175 -407.277740 -0.009566 -0.751392 0.000884 0.659786
2.443444 40.410400 -83.913086 -409.515381 -0.000289 -0.751555 -0.007755 0.659625
2.695753 23.177364 -83.819054 -411.757477 0.008479 -0.751245 -0.013773 0.659825
2.948875 5.874503 -83.738480 -414.000031 0.007903 -0.750930 -0.013761 0.660191
3.201769 -12.192475 -83.629700 -416.323486 0.008799 -0.750205 -0.014271 0.660993
3.452614 -29.643044 -83.526260 -418.457031 0.008615 -0.746157 -0.014428 0.665558
3.706583 -47.198528 -83.434052 -420.151215 0.009040 -0.733595 -0.015819 0.679343
3.956592 -64.842239 -83.334808 -421.517639 0.011604 -0.733664 -0.019641 0.679130
4.207938 -82.545784 -83.214706 -422.873657 0.007973 -0.733195 -0.016331 0.679775
4.459281 -100.306549 -83.065170 -424.217682 0.001803 -0.733149 -0.008460 0.680013
4.711156 -118.848244 -82.929703 -425.432434 0.000726 -0.723800 -0.007461 0.689969
4.964129 -136.756042 -82.823830 -426.018433 -0.000063 -0.712181 -0.006907 0.701962
5.218146 -154.722382 -82.742615 -426.018707 0.000998 -0.701113 -0.004789 0.713033
5.470114 -172.729584 -82.656387 -425.464783 0.003326 -0.692500 -0.012165 0.721308
5.721423 -191.505341 -82.622498 -424.697723 0.007177 -0.692176 -0.013510 0.721567
5.974187 -209.604294 -82.586533 -423.829102 0.002873 -0.686039 -0.006133 0.727533
6.224805 -227.738617 -82.568161 -422.690796 0.004134 -0.683666 -0.009115 0.729727
6.476287 -245.915131 -82.584099 -421.440399 0.001969 -0.677858 -0.005296 0.735171
6.728556 -264.086212 -82.563889 -419.630920 0.000444 -0.666233 -0.002391 0.745739
6.980593 -283.007904 -82.544388 -417.504211 0.001429 -0.666385 -0.005219 0.745588
7.231718 -301.239410 -82.575699 -415.373413 -0.001929 -0.661103 -0.000960 0.750292
7.484935 -319.494659 -82.585213 -413.069489 -0.004022 -0.660592 0.001710 0.750733
7.735202 -337.695190 -82.595940 -410.242950 -0.004442 -0.639106 0.003648 0.769097
7.988730 -355.123169 -82.643120 -406.714081 -0.001041 -0.625471 0.001271 0.780246
8.241666 -371.610626 -82.632416 -403.006378 0.002695 -0.624061 -0.000414 0.781371
8.494626 -385.981293 -82.610657 -399.756989 0.001735 -0.624227 0.000593 0.781241
8.747822 -399.073761 -82.613686 -396.795837 0.000925 -0.624120 0.001525 0.781326
8.998248 -411.048859 -82.608208 -394.079193 0.000977 -0.623215 0.002033 0.782047
9.250841 -422.505585 -82.597862 -391.289856 -0.000958 -0.606462 0.002127 0.795109
9.501317 -432.627045 -82.590157 -388.148499 -0.000963 -0.576202 0.003325 0.817300
9.753409 -441.832275 -82.570168 -384.508118 -0.000362 -0.545213 0.001928 0.838296
10.006063 -450.248505 -82.568382 -380.366089 0.000242 -0.508813 0.001310 0.860876
10.258541 -457.964996 -82.587234 -375.650116 0.000519 -0.467027 0.001382 0.884242
10.510233 -465.229645 -82.598175 -370.120667 -0.001628 -0.419278 0.002984 0.907852
10.762097 -471.462250 -82.592552 -364.268738 -0.001390 -0.376171 0.014333 0.926439
11.012761 -476.947815 -82.606102 -357.953217 -0.004624 -0.325260 0.010942 0.945550
11.264403 -481.779602 -82.609009 -351.135071 -0.002431 -0.282258 0.001581 0.959334
11.515239 -486.020050 -82.564941 -343.782684 -0.003011 -0.237384 0.003733 0.971404
11.765466 -489.750732 -82.575935 -335.957520 -0.000640 -0.202305 -0.000783 0.979322
12.018901 -493.498871 -82.587006 -327.908325 0.001932 -0.233796 -0.003819 0.972276
12.271506 -498.212402 -82.565445 -319.748291 -0.002408 -0.286140 -0.009578 0.958137
12.522034 -503.533081 -82.562111 -312.116760 -0.000515 -0.317723 0.001081 0.948183
12.772643 -509.602600 -82.569618 -304.765015 -0.003038 -0.359970 0.001436 0.932958
13.026118 -516.416626 -82.566429 -297.762329 0.005009 -0.397647 -0.009332 0.917478
13.277638 -523.967590 -82.482712 -291.294861 -0.006241 -0.437984 -0.003170 0.898956
13.530901 -532.490295 -82.401306 -285.073303 -0.004255 -0.472374 -0.005428 0.881371
13.782336 -541.312988 -82.313736 -279.630554 -0.002481 -0.504544 -0.006106 0.863361
14.033953 -550.703003 -82.234589 -274.729797 -0.003812 -0.530642 -0.003568 0.847580
14.284490 -560.345825 -82.151802 -269.748291 -0.004570 -0.506004 -0.001190 0.862518
14.537315 -569.853149 -82.079826 -264.018158 -0.005544 -0.475424 -0.001208 0.879739
14.788177 -579.147705 -82.008339 -257.520294 -0.002036 -0.447362 -0.003342 0.894345
15.038527 -588.220154 -82.008469 -250.323120 -0.001588 -0.418936 -0.001580 0.908013
15.290483 -597.239502 -81.892754 -241.990936 -0.010834 -0.382855 0.011735 0.923670
15.543056 -605.538208 -81.843964 -233.304581 -0.006941 -0.357258 0.000483 0.933980
15.796357 -613.457458 -81.832207 -223.997391 -0.008005 -0.329010 0.013296 0.944199
16.049150 -620.845337 -81.790421 -214.029648 -0.004372 -0.297574 -0.000153 0.954689
16.299688 -627.630737 -81.706383 -203.429504 -0.006147 -0.262500 -0.000998 0.964912
16.552864 -634.055542 -81.650551 -191.808304 -0.002932 -0.233847 0.003872 0.972261
16.803816 -639.618103 -81.646217 -180.116211 -0.004191 -0.203737 0.006852 0.978993
17.056646 -644.580811 -81.620110 -167.963211 -0.003570 -0.180124 0.004338 0.983628
17.307808 -649.250183 -81.583160 -155.501862 -0.003066 -0.177774 0.000921 0.984066
17.560499 -654.154602 -81.542091 -142.366806 -0.003776 -0.177449 0.001632 0.984121
17.811398 -658.921082 -81.502090 -129.578049 -0.003677 -0.177413 0.002189 0.984127
18.062134 -663.682495 -81.440224 -116.601151 -0.003600 -0.173918 0.001565 0.984752
18.312811 -668.477112 -81.405342 -103.450882 -0.003128 -0.173897 -0.000526 0.984759
18.563168 -673.329041 -81.372978 -90.140930 -0.003002 -0.173508 0.000411 0.984828
18.813446 -678.172241 -81.326393 -76.653381 -0.003351 -0.171064 -0.000121 0.985254
19.063742 -683.056580 -81.280846 -63.011311 -0.003643 -0.171044 0.000418 0.985256
19.317307 -687.993408 -81.246819 -49.223644 -0.003206 -0.171081 0.000537 0.985252
19.567322 -692.981506 -81.208649 -35.294861 -0.002878 -0.171107 0.000593 0.985248
19.819923 -698.019653 -81.178795 -21.228863 -0.003283 -0.171102 0.001065 0.985247
20.073647 -703.372864 -81.143280 -6.483871 -0.002400 -0.180688 0.000095 0.983538
20.323757 -708.771667 -81.111465 7.746529 -0.003338 -0.180444 0.000558 0.983579
20.573845 -714.218872 -81.086159 22.098961 -0.002905 -0.179848 0.000826 0.983690
20.826332 -719.695068 -81.056862 36.575428 -0.002933 -0.179815 0.000885 0.983696
21.079882 -725.184692 -81.020020 51.175735 -0.003425 -0.174713 0.004459 0.984603
21.332035 -730.766357 -80.970177 66.537483 -0.004610 -0.173005 0.002367 0.984907
21.585646 -736.161743 -80.923630 81.418480 -0.003536 -0.173050 0.003456 0.984901
21.836203 -741.570923 -80.896950 96.408546 -0.004301 -0.168063 0.005735 0.985750
22.087811 -746.377258 -80.848625 111.522903 -0.000456 -0.137180 0.005504 0.990531
22.341171 -750.261658 -80.813644 126.408257 -0.002276 -0.112662 0.001445 0.993630
22.591534 -753.062378 -80.787445 139.930710 0.001044 -0.087082 0.001559 0.996199
22.843931 -754.947815 -80.752998 152.717560 -0.000773 -0.056322 0.002514 0.998409
23.097401 -755.972473 -80.677734 164.727829 -0.005415 -0.021582 0.012065 0.999680
23.349926 -756.171875 -80.620743 176.248444 -0.003590 0.012710 0.013491 0.999822
23.603292 -755.419006 -80.530739 187.824097 -0.002441 0.053250 0.008087 0.998545
23.856148 -753.840088 -80.458878 198.524063 -0.002633 0.095818 0.003247 0.995390
24.109861 -751.713501 -80.387962 208.472137 -0.001640 0.106556 -0.001249 0.994305
24.361631 -749.871521 -80.301674 217.928711 -0.002764 0.088339 0.003207 0.996081
24.613297 -748.726624 -80.248390 226.342773 -0.003548 0.043089 -0.000928 0.999065
24.864342 -748.412903 -80.188004 235.334595 -0.004335 -0.010149 -0.007866 0.999908
25.114357 -748.990540 -80.119476 243.807007 -0.003796 -0.059163 -0.010266 0.998188
25.365614 -750.377075 -80.047600 252.151443 -0.004553 -0.103713 -0.007667 0.994567
25.617002 -752.482239 -79.997948 260.410492 -0.000356 -0.147540 -0.009406 0.989011
25.867226 -755.463745 -79.879044 268.481171 -0.004825 -0.198453 -0.007977 0.980066
26.120222 -759.349426 -79.816048 276.757904 -0.006628 -0.241189 -0.003812 0.970448
26.370531 -763.910767 -79.686363 284.501831 -0.007483 -0.282844 0.000535 0.959136
26.621384 -769.202820 -79.580345 291.982361 -0.009942 -0.325355 0.001405 0.945539
26.872543 -775.253357 -79.467712 299.135010 -0.009720 -0.367279 0.011860 0.929984
27.122593 -782.095154 -79.353333 305.893829 -0.008713 -0.404624 0.003274 0.914436
27.375128 -789.625793 -79.283073 312.304504 -0.006598 -0.436216 0.001833 0.899816
27.625256 -797.785522 -79.222008 318.383148 -0.011073 -0.460582 0.009715 0.887495
27.877813 -806.344238 -79.116463 324.371429 -0.007115 -0.462923 0.001868 0.886368
28.131731 -815.489014 -78.997414 330.748718 -0.006327 -0.462733 -0.005684 0.886457
28.382462 -824.511841 -78.848000 337.038666 -0.007184 -0.462720 -0.008581 0.886434
28.633656 -833.745361 -78.666367 343.488220 -0.009004 -0.460193 -0.002493 0.887770
28.885807 -842.997986 -78.466499 350.341339 -0.013037 -0.438858 0.002841 0.898457
29.135826 -851.861145 -78.269516 357.324554 -0.011032 -0.435748 -0.001170 0.900001
29.389071 -861.643066 -77.983772 365.055206 -0.015049 -0.435757 -0.001175 0.899938
29.641657 -871.579834 -77.642632 372.978394 -0.015798 -0.432900 -0.001225 0.901303
29.891672 -881.214294 -77.294731 380.840271 -0.020685 -0.417333 0.003309 0.908512
30.142414 -890.502625 -76.880959 389.098846 -0.015238 -0.402837 -0.000719 0.915145
30.393078 -898.932617 -76.504311 396.740692 -0.013566 -0.403279 -0.006030 0.914957
30.644966 -906.492554 -76.135155 403.631866 -0.013083 -0.402911 -0.007273 0.915117
30.896746 -913.194702 -75.806091 410.116211 -0.013105 -0.374785 -0.009365 0.926972
31.148912 -918.982361 -75.524918 416.514526 -0.010252 -0.341227 -0.011333 0.939857
31.399118 -923.841980 -75.254227 422.931366 -0.010564 -0.296114 -0.016591 0.954950
31.650764 -927.917175 -75.016579 429.578308 -0.010521 -0.241737 -0.015838 0.970155
31.901215 -930.827820 -74.800911 435.924042 -0.011984 -0.181502 -0.011988 0.983245
32.154205 -932.739197 -74.576645 442.132446 -0.014754 -0.117630 -0.014263 0.992845
32.404892 -933.707642 -74.344513 448.186340 -0.017308 -0.048573 -0.016370 0.998536
32.657700 -933.742615 -74.091522 454.101013 -0.021859 0.030159 -0.015579 0.999185
32.911045 -932.838196 -73.818459 459.976044 -0.024518 0.113065 -0.005146 0.993272
33.164440 -931.130737 -73.528168 465.259308 -0.022315 0.187762 0.013429 0.981869
33.417728 -928.712280 -73.258850 470.147491 -0.021694 0.257726 0.016134 0.965840
33.671337 -925.651611 -72.979469 474.480042 -0.022298 0.330467 0.013405 0.943459
33.922703 -921.846436 -72.725937 478.444763 -0.026634 0.403311 -0.001086 0.914675
34.173420 -917.494568 -72.442429 481.761871 -0.031014 0.472195 -0.001489 0.880947
34.425426 -912.496216 -72.135040 484.614227 -0.031465 0.540705 0.004319 0.840613
34.678207 -906.902832 -71.812286 486.884033 -0.026962 0.589627 0.005428 0.807208
34.929199 -900.780396 -71.488243 488.555084 -0.028678 0.634317 0.008255 0.772497
35.181217 -893.848816 -71.097679 489.663147 -0.034012 0.663878 0.005895 0.747044
35.434204 -886.700684 -70.709885 490.290497 -0.030767 0.688038 0.007246 0.724986
35.684982 -879.159912 -70.348564 490.400208 -0.025888 0.717664 0.008976 0.695850
35.938217 -871.291321 -70.000832 489.877716 -0.023381 0.743927 0.009136 0.667790
36.188583 -863.134460 -69.663261 488.708466 -0.021546 0.769232 0.011901 0.638495
36.440479 -854.373779 -69.283348 486.858795 -0.024243 0.780593 0.009031 0.624504
36.691868 -845.613098 -68.926941 484.918793 -0.024515 0.775591 0.007733 0.630713
36.945282 -836.471924 -68.514030 483.145874 -0.022052 0.769091 0.012835 0.638630
37.195446 -827.003418 -68.094200 481.369476 -0.020260 0.769299 0.014336 0.638407
37.448795 -817.239014 -67.679047 479.534058 -0.018467 0.769417 0.013214 0.638343
37.700230 -807.206665 -67.242676 477.646179 -0.017380 0.769502 0.014795 0.638236
37.950714 -796.507507 -66.777199 475.634155 -0.015538 0.769017 0.014726 0.638870
38.210136 -785.949829 -66.338913 473.677032 -0.013702 0.768614 0.018745 0.639292
38.461903 -774.698914 -65.913948 471.595123 -0.010886 0.768627 0.016343 0.639395
38.712276 -763.625732 -65.528183 469.546753 -0.011429 0.768554 0.014606 0.639516
38.962494 -752.310791 -65.137901 467.454468 -0.012152 0.768545 0.011979 0.639569
39.213932 -740.761047 -64.755989 465.319275 -0.012720 0.768554 0.013075 0.639525
39.467381 -728.974487 -64.382202 463.208832 -0.016183 0.761307 0.009463 0.648120
39.717934 -716.934204 -63.995949 461.283417 -0.014302 0.760505 0.009410 0.649106
39.970078 -704.683716 -63.591198 459.331024 -0.016183 0.760522 0.009672 0.649039
40.222145 -691.731873 -63.176052 457.263397 -0.017391 0.760580 0.009249 0.648946
40.474899 -679.090393 -62.700836 455.240570 -0.019339 0.760680 0.011389 0.648740
40.726524 -666.277161 -62.158531 453.184540 -0.021597 0.760741 0.012128 0.648582
40.980152 -653.313477 -61.429016 451.098236 -0.026367 0.760764 0.022235 0.648111
41.231304 -639.691223 -60.563744 448.900452 -0.024295 0.760894 0.024819 0.647946
41.484673 -626.434143 -59.655987 446.869019 -0.023527 0.754641 0.024422 0.655261
41.736408 -612.983276 -58.764294 445.175873 -0.023708 0.742955 0.024062 0.668489
41.988857 -599.343689 -57.877312 443.910522 -0.023346 0.735235 0.025303 0.676938
42.239887 -585.552002 -56.998535 442.762482 -0.021050 0.735554 0.027711 0.676572
42.489937 -571.621277 -56.086025 441.678894 -0.018778 0.728769 0.028438 0.683912
42.740925 -556.964172 -55.191208 440.977142 -0.017727 0.718193 0.026044 0.695131
42.992336 -542.727661 -54.328613 440.567291 -0.019172 0.714412 0.024596 0.699030
43.243309 -528.367859 -53.494423 440.654510 -0.020164 0.694411 0.020489 0.719004
43.494656 -513.918152 -52.793461 441.493408 -0.016932 0.675297 0.016594 0.737165
43.745003 -499.397064 -52.361984 442.986603 -0.006564 0.663240 0.008949 0.748325
43.995956 -484.841064 -52.138760 445.173492 -0.008648 0.640821 0.001950 0.767639
44.246162 -470.215363 -52.184978 447.797729 -0.000225 0.641561 -0.001664 0.767070
44.497505 -455.445099 -52.261139 450.452118 -0.001849 0.641491 -0.003724 0.767119
44.750656 -439.926483 -52.378338 453.197510 -0.001414 0.645945 -0.003217 0.763376
45.000767 -425.189514 -52.515175 455.656128 0.002968 0.646517 -0.007894 0.762853
45.252342 -411.833954 -52.584023 457.846069 0.002326 0.650670 -0.004419 0.759344
45.506073 -399.684204 -52.666695 459.647980 0.001106 0.664073 -0.007221 0.747632
45.758141 -388.480469 -52.712059 460.775879 -0.002708 0.681517 -0.009662 0.731734
46.011028 -377.603485 -52.782387 461.211487 -0.006355 0.707220 -0.010486 0.706887
46.261803 -367.890350 -52.829838 460.886169 -0.008148 0.731907 -0.014411 0.681204
46.511860 -358.821655 -52.873775 459.822174 -0.005721 0.763231 -0.009291 0.646033
46.764332 -350.276001 -52.904442 457.960175 -0.009750 0.793110 -0.011746 0.608887
47.015934 -342.235291 -52.937935 455.317963 -0.016999 0.825399 -0.013547 0.564131
47.268475 -334.639832 -52.966686 451.879700 -0.019817 0.852583 -0.014704 0.522009
47.521046 -327.058929 -52.999241 447.473694 -0.023652 0.878029 -0.014676 0.477798
47.772820 -319.961090 -53.110424 442.503784 -0.021052 0.897291 -0.018394 0.440554
48.024147 -313.164825 -53.263737 436.788330 -0.022397 0.915018 -0.018822 0.402350
48.274296 -306.711212 -53.479248 430.388824 -0.020504 0.931618 -0.019400 0.362341
48.524899 -300.768555 -53.657440 423.255829 -0.025644 0.947194 -0.018200 0.319115
48.775608 -295.298157 -53.882774 415.455261 -0.024180 0.959715 -0.018489 0.279323
49.026802 -290.351349 -54.154907 407.005493 -0.017571 0.970371 -0.019118 0.240222
49.277843 -286.000000 -54.471790 397.957001 -0.010443 0.978920 -0.018854 0.203102
49.529808 -282.257080 -54.833805 388.362823 -0.010955 0.986062 -0.018274 0.165009
49.780441 -279.151733 -55.236511 378.261597 -0.013325 0.991305 -0.020263 0.129331
50.032921 -276.660248 -55.670002 367.259125 -0.012454 0.995498 -0.017109 0.092393
50.286072 -274.622925 -56.060093 356.298523 -0.011239 0.995739 -0.016700 0.089996
50.536633 -272.772034 -56.470558 345.015656 -0.002348 0.997444 -0.018083 0.069081
50.789303 -271.358429 -56.932854 333.393036 -0.001443 0.998468 -0.020914 0.051209
51.042702 -270.156311 -57.564404 320.989929 -0.002586 0.998585 -0.024496 0.047138
51.294792 -269.093719 -58.251148 308.786285 -0.001958 0.999078 -0.028602 0.031943
51.547852 -268.653748 -59.031281 296.305176 -0.002333 0.999548 -0.029967 0.001089
51.798420 -268.922302 -59.937580 283.597656 -0.003759 0.999037 -0.034840 -0.026395
52.049088 -269.871979 -61.042946 270.713776 -0.015134 0.997627 -0.040414 -0.053639
52.303112 -271.791473 -62.221107 257.191315 -0.020559 0.995030 -0.042283 -0.087777
52.553185 -274.500549 -63.455425 244.142563 -0.018002 0.991412 -0.040097 -0.123166
52.806137 -277.921021 -64.626495 231.036819 -0.019375 0.990669 -0.039111 -0.129115
53.058857 -281.469543 -65.667656 217.718231 -0.011740 0.990273 -0.031948 -0.134909
53.312668 -285.542175 -66.706520 203.733963 -0.013598 0.989025 -0.030555 -0.143912
53.564075 -289.590057 -67.628441 190.098602 -0.012606 0.989181 -0.028445 -0.143365
53.817570 -293.551270 -68.434685 176.225082 -0.009847 0.990138 -0.023587 -0.137743
54.068066 -297.483734 -69.198532 162.145279 -0.003773 0.990676 -0.021563 -0.134472
54.318947 -301.195282 -69.918709 147.828400 -0.012539 0.993563 -0.021363 -0.110542
54.572243 -304.100616 -70.630501 132.601257 -0.008009 0.996678 -0.021955 -0.078021
54.824581 -306.007141 -71.399002 118.026993 -0.005495 0.998647 -0.024572 -0.045497
55.077499 -306.931152 -72.129662 104.038475 -0.003296 0.999498 -0.026917 -0.016379
55.329521 -306.991669 -72.811157 90.781235 -0.005518 0.999522 -0.026719 0.014565
55.582100 -306.236603 -73.450478 77.801926 -0.017539 0.998392 -0.030522 0.044435
55.835045 -304.761139 -73.973671 66.123543 -0.007753 0.996025 -0.019014 0.086674
56.087513 -302.396210 -74.317986 55.160229 0.003607 0.991407 -0.011705 0.130238
56.337936 -299.170105 -74.520119 44.850906 0.007610 0.984545 -0.006472 0.174844
56.588142 -295.354340 -74.637993 35.369228 0.010701 0.979238 -0.005482 0.202358
56.841644 -291.371613 -74.740929 26.460030 0.010535 0.975238 -0.003916 0.220873
57.094669 -287.546204 -74.760696 18.865656 0.016291 0.970542 0.002280 0.240371
57.344833 -283.489929 -74.738480 11.970241 0.015192 0.958073 0.004266 0.286089
57.596020 -278.899750 -74.708641 5.666045 0.007297 0.943789 0.004902 0.330431
57.847267 -273.792267 -74.640854 -0.087073 0.005779 0.925463 0.009066 0.378686
58.100395 -268.159058 -74.518166 -5.150650 0.006911 0.901752 0.013619 0.431983
58.353413 -261.818787 -74.349411 -9.584490 -0.000909 0.872077 0.013464 0.489183
58.607269 -255.356506 -74.118965 -12.943422 -0.018959 0.835147 0.014604 0.549506
58.859825 -248.603287 -73.641335 -15.233455 -0.020252 0.794662 0.027963 0.606070
59.110424 -241.539322 -73.059151 -16.666203 -0.036345 0.751198 0.021040 0.658740
59.360901 -233.830658 -72.509071 -17.470978 -0.031042 0.696994 0.020966 0.716098
59.611172 -226.158844 -71.969162 -17.383146 -0.034499 0.663754 0.022246 0.746824
59.862495 -218.261749 -71.322784 -16.422995 -0.034687 0.651369 0.023675 0.757598
60.113873 -210.138626 -70.619545 -14.832082 -0.037482 0.616065 0.025799 0.786380
60.366291 -201.841660 -69.831863 -12.584364 -0.034945 0.603975 0.033787 0.795520
60.619057 -193.198471 -68.919502 -10.506396 -0.033537 0.634739 0.042839 0.770809
60.869392 -184.163147 -67.965126 -9.052291 -0.030820 0.662521 0.043338 0.747154
61.122452 -174.430405 -67.078346 -8.128160 -0.025054 0.687879 0.040875 0.724241
61.373547 -164.798172 -66.315948 -7.834775 -0.025321 0.706788 0.033481 0.706179
61.623672 -154.916107 -65.542305 -7.913510 -0.029011 0.710662 0.026773 0.702425
61.877682 -144.772858 -64.820709 -8.051137 -0.025435 0.713265 0.027239 0.699903
62.129154 -134.380280 -64.130272 -8.414354 -0.022184 0.722871 0.024080 0.690207
62.381794 -123.304123 -63.479733 -8.945311 -0.020085 0.723752 0.020912 0.689451
62.632782 -112.395668 -62.903217 -9.475510 -0.018847 0.723793 0.018949 0.689500
62.886108 -101.241051 -62.342770 -10.018056 -0.017485 0.723846 0.016584 0.689540
63.139725 -89.842461 -61.844501 -10.573346 -0.017358 0.723853 0.014245 0.689589
63.389984 -78.202820 -61.459572 -11.141044 -0.014318 0.723963 0.009640 0.689622
63.642384 -65.847961 -61.111301 -11.744864 -0.012687 0.724090 0.009240 0.689527
63.895813 -53.738308 -60.762394 -12.338878 -0.012650 0.724117 0.009453 0.689497
64.147789 -41.407459 -60.416344 -12.756026 -0.012827 0.715188 0.008921 0.698758
64.398514 -28.868177 -60.069435 -13.116935 -0.012228 0.719529 0.009857 0.694285
64.650368 -16.134691 -59.713860 -13.572350 -0.013273 0.719658 0.008891 0.694144
64.900513 -3.213810 -59.354649 -14.041484 -0.013893 0.719682 0.008018 0.694119
65.152374 10.413054 -58.978088 -14.538642 -0.013939 0.719773 0.008023 0.694023
65.404472 23.683435 -58.570210 -15.026241 -0.014677 0.719891 0.009003 0.693874
65.657158 37.109215 -58.179611 -15.556533 -0.011992 0.721303 0.011201 0.692425
65.909279 50.699688 -57.797504 -16.145460 -0.011352 0.722401 0.011408 0.691287
66.163208 65.006729 -57.378040 -16.775412 -0.011725 0.722387 0.011681 0.691291
66.416481 78.926392 -56.977394 -17.388723 -0.011251 0.722376 0.008999 0.691350
66.669357 93.005379 -56.627262 -18.009781 -0.011702 0.722437 0.007668 0.691296
66.920639 107.815704 -56.378933 -18.664429 -0.008650 0.722518 0.004356 0.691284
67.172462 122.215446 -56.184444 -19.302494 -0.007071 0.722572 0.005110 0.691241
67.426147 136.768707 -56.072964 -19.949266 -0.007533 0.722544 0.002455 0.691280
67.679047 151.462601 -55.961296 -20.604010 -0.005614 0.722688 0.000373 0.691152
67.929100 165.535492 -55.879120 -21.234501 -0.003076 0.722896 -0.001392 0.690949
68.179665 178.259583 -55.774014 -21.809408 -0.002204 0.723109 0.000535 0.690730
68.430061 189.785599 -55.698334 -22.291813 -0.002099 0.717389 -0.001820 0.696667
68.682747 200.560822 -55.615704 -22.441467 -0.005443 0.688942 -0.002953 0.724790
68.935753 209.897568 -55.523941 -22.043718 -0.006479 0.676836 -0.001869 0.736103
69.187134 218.383560 -55.433655 -21.174438 -0.005656 0.656834 -0.002305 0.754010
69.437424 226.037567 -55.345081 -19.835945 -0.008028 0.622551 -0.002170 0.782535
69.689240 232.966034 -55.243019 -17.911686 -0.010910 0.582855 -0.001477 0.812501
69.942513 239.542145 -55.061951 -15.146385 -0.024396 0.522055 -0.009643 0.852509
70.195244 245.209579 -54.824684 -11.768274 -0.006244 0.474812 0.016820 0.879904
70.445625 250.617340 -54.817753 -8.009399 -0.006559 0.454562 -0.004925 0.890677
70.696686 256.231323 -54.805866 -4.484325 0.000206 0.508429 -0.003172 0.861098
70.948814 262.203064 -54.823231 -1.658272 -0.001639 0.555467 -0.004784 0.831523
71.200638 268.831665 -54.795284 0.525313 0.004582 0.615616 0.015025 0.787890
71.453842 275.452820 -54.862232 1.932947 0.014721 0.648582 0.001892 0.761000
71.704865 282.254364 -55.033272 2.682753 0.005810 0.686121 -0.004150 0.727452
71.954865 289.264374 -55.150860 2.702101 0.007172 0.722921 -0.006080 0.690867
72.205299 296.465820 -55.288601 2.013548 0.005934 0.756065 -0.006069 0.654441
72.455498 303.876556 -55.455856 0.633757 0.008563 0.787237 -0.006202 0.616560
72.706352 311.422668 -55.630836 -1.525917 0.010308 0.812539 -0.004348 0.582800
72.958344 319.100952 -55.812435 -4.439142 0.013197 0.836216 -0.002435 0.548237
73.210754 327.293640 -56.000187 -8.074943 0.009068 0.839300 -0.004661 0.543573
73.464233 335.524384 -56.187851 -11.764965 0.006988 0.839239 -0.006117 0.543684
73.716263 344.099152 -56.391811 -15.609039 0.005716 0.839508 -0.007622 0.543264
73.967674 352.956024 -56.602200 -19.690413 0.007950 0.847406 -0.005685 0.530856
74.218002 361.910583 -56.814781 -24.305653 0.008046 0.858514 -0.005182 0.512702
74.469452 371.040405 -56.997757 -29.220394 0.002896 0.858368 -0.007375 0.512974
74.719543 380.436432 -57.178032 -34.273968 0.007317 0.858417 -0.001907 0.512897
74.972549 390.481903 -57.345837 -39.677368 0.004699 0.858315 -0.003212 0.513091
75.224731 400.384399 -57.499603 -45.030582 0.004114 0.860021 -0.004710 0.510221
75.477913 410.483063 -57.684441 -50.598286 0.002574 0.861432 -0.004983 0.507842
75.728455 420.804352 -57.856819 -56.311630 -0.001007 0.861416 -0.008305 0.507831
75.979660 431.323730 -58.077843 -62.195827 -0.000315 0.864154 -0.009144 0.503145
76.230019 441.906219 -58.322506 -68.459892 0.002896 0.874572 -0.009732 0.484789
76.480743 452.780670 -58.580467 -75.644096 0.002563 0.887208 -0.005038 0.461335
76.734161 463.206482 -58.757393 -82.999306 0.001986 0.888009 -0.007086 0.459768
76.985939 473.799286 -59.033192 -90.487221 0.002073 0.887958 -0.011391 0.459778
77.237823 484.559387 -59.336327 -98.094475 0.000478 0.888036 -0.011075 0.459639
77.487999 495.457611 -59.688416 -105.834892 0.000255 0.888726 -0.011742 0.458288
77.741158 506.909912 -60.047501 -114.081650 0.000513 0.891506 -0.011865 0.452854
77.991188 517.936646 -60.381126 -122.326889 0.000156 0.898051 -0.012241 0.439721
78.244339 528.710205 -60.707897 -131.186905 -0.001017 0.909921 -0.012928 0.414578
78.496994 539.267395 -61.066223 -140.577911 -0.004518 0.913375 -0.013286 0.406878
78.750084 550.140137 -61.426426 -150.738754 -0.001748 0.923131 -0.010076 0.384349
79.000526 560.285522 -61.674904 -161.071213 -0.005452 0.926190 -0.010902 0.376859
79.250740 570.511230 -61.923447 -171.558716 -0.002505 0.926317 -0.008088 0.376650
79.502831 580.846130 -62.199306 -182.164948 -0.000062 0.926350 -0.010372 0.376520
79.754585 591.289429 -62.526886 -192.887390 -0.000673 0.926364 -0.009927 0.376499
80.007858 601.838623 -62.883228 -203.721954 0.001134 0.926392 -0.011593 0.376380
80.260429 612.919373 -63.388084 -215.105652 0.002082 0.926364 -0.014955 0.376327
80.511787 623.678284 -63.949146 -226.160950 0.005441 0.926336 -0.016353 0.376304
80.763000 634.537231 -64.551826 -237.320801 0.006204 0.926277 -0.019209 0.376304
81.016090 645.493408 -65.252502 -248.581238 0.006835 0.926266 -0.021934 0.376169
81.268311 656.545288 -66.054688 -259.939972 0.010845 0.926152 -0.022306 0.376335
81.521698 668.365540 -66.961250 -271.621521 0.005777 0.916869 -0.025217 0.398349
81.775108 680.355103 -67.913368 -282.359924 0.010015 0.908458 -0.026049 0.417043
82.027443 692.741577 -68.944435 -292.827423 0.011403 0.902260 -0.030487 0.429962
82.277870 705.644897 -70.101616 -302.823822 0.016066 0.892665 -0.030402 0.449407
82.528923 719.097351 -71.220711 -312.279205 -0.002476 0.879699 -0.037827 0.474017
82.779358 733.084778 -72.414810 -321.131836 -0.001650 0.869555 -0.037423 0.492413
83.030785 748.171082 -73.661247 -329.670746 0.001482 0.856274 -0.039846 0.514980
83.283470 763.211975 -74.821533 -337.109985 0.006496 0.842329 -0.034216 0.537838
83.536423 777.930969 -75.999123 -343.910217 0.008225 0.841265 -0.037791 0.539237
83.788567 791.283630 -76.989899 -350.068970 0.006145 0.842089 -0.039646 0.537844
84.038734 803.454529 -77.915016 -355.704529 0.003671 0.842252 -0.040884 0.537519
84.289757 814.500183 -78.739929 -360.839600 0.001843 0.842936 -0.041988 0.536370
84.542572 824.921753 -79.523193 -365.712097 -0.000703 0.843424 -0.043370 0.535494
84.794693 834.023315 -80.198654 -370.018402 -0.002247 0.846006 -0.043295 0.531408
85.044800 842.254089 -80.802887 -374.124939 0.002407 0.857138 -0.038562 0.513635
85.295929 849.569458 -81.331856 -378.430847 0.016432 0.879304 -0.028245 0.475139
85.547287 856.043579 -81.789406 -383.133606 0.014716 0.900938 -0.026059 0.432915
85.798492 861.813049 -82.285187 -388.195557 0.015757 0.921126 -0.027762 0.387952
86.051086 866.904114 -82.716621 -393.841919 0.014544 0.942557 -0.025988 0.332715
86.303741 870.965637 -83.098534 -399.550751 0.007266 0.959414 -0.027428 0.280571
86.554886 874.237610 -83.453651 -405.540497 0.010824 0.975264 -0.024311 0.219433
86.806679 876.627808 -83.785751 -411.748840 -0.006564 0.988594 -0.021412 0.148929
87.057831 878.005615 -83.985649 -418.088470 -0.009752 0.996980 -0.016533 0.075245
87.310539 878.503357 -84.156441 -424.788177 -0.007008 0.999889 -0.011339 0.006716
87.563820 878.163025 -84.293007 -431.396912 -0.008178 0.998633 -0.009500 -0.050740
87.816422 877.060303 -84.430099 -438.126953 -0.011270 0.994323 -0.008076 -0.105501
88.067047 875.202515 -84.571068 -444.983185 -0.007106 0.985982 -0.006285 -0.166580
88.317429 872.512939 -84.699974 -451.923553 -0.002516 0.976294 -0.008425 -0.216272
88.570122 868.861572 -84.817207 -459.172913 -0.003929 0.969241 -0.004739 -0.246036
88.822563 864.944153 -84.954872 -466.405579 -0.012962 0.969375 -0.003181 -0.245221
89.073257 860.724670 -85.074966 -473.928741 -0.010029 0.963436 -0.003323 -0.267730
89.323982 855.795044 -85.213608 -481.426300 -0.004925 0.950656 -0.003652 -0.310187
89.575073 850.038940 -85.303360 -488.696411 -0.006174 0.937984 -0.003003 -0.346612
89.827812 843.972229 -85.431068 -495.262787 -0.004133 0.919949 -0.006801 -0.391958
90.079498 837.861267 -85.524834 -500.783539 -0.007413 0.904936 -0.005936 -0.425442
90.331001 831.591919 -85.596603 -505.533417 -0.005640 0.884921 -0.003563 -0.465694
90.581772 825.497009 -85.645050 -509.237061 0.002679 0.857548 -0.005463 -0.514369
90.833694 819.192261 -85.696136 -512.141357 -0.001477 0.828155 -0.005481 -0.560470
91.084549 812.740051 -85.743660 -514.207031 -0.004227 0.789397 0.001267 -0.613867
91.338005 806.144409 -85.758171 -515.412292 -0.002620 0.749810 0.001744 -0.661646
91.588776 799.307129 -85.775650 -515.873657 -0.003027 0.713318 0.001300 -0.700833
91.842438 791.879822 -85.801666 -515.610779 -0.004164 0.673055 0.002601 -0.739577
92.095757 784.429626 -85.853500 -514.631653 -0.003768 0.635593 0.000277 -0.772015
92.354332 776.726135 -85.938591 -512.905640 -0.004381 0.605374 -0.000434 -0.795929
92.605942 768.509216 -86.016914 -510.295105 -0.009636 0.573651 0.004433 -0.819031
92.858986 760.447693 -86.095078 -507.086060 -0.011120 0.553456 0.010526 -0.832738
93.112419 751.778931 -86.187874 -503.377472 -0.008623 0.543536 0.008256 -0.839301
93.363922 743.246338 -86.267296 -499.352631 -0.005931 0.531236 0.006615 -0.847177
93.617630 734.441895 -86.357750 -495.098785 -0.005377 0.531896 -0.000009 -0.846792
93.870415 725.333618 -86.457901 -490.746948 0.001952 0.533418 -0.006068 -0.845828
94.121895 715.568787 -86.490883 -486.125549 0.002497 0.536321 -0.005481 -0.843992
94.372169 705.854431 -86.525764 -481.678802 0.003445 0.548578 -0.004810 -0.836078
94.625679 695.786255 -86.545937 -477.332886 0.003860 0.552169 -0.005236 -0.833707
94.877663 685.414368 -86.572075 -472.995972 0.005159 0.554717 -0.006543 -0.831998
95.129868 674.788025 -86.583038 -468.573303 0.005414 0.554882 -0.006715 -0.831885
95.382957 663.482056 -86.586441 -463.873108 0.007204 0.555067 -0.005609 -0.831756
95.636932 652.376526 -86.566689 -459.262238 0.006664 0.555237 -0.006487 -0.831640
95.889168 641.049744 -86.536827 -454.565186 0.007323 0.555408 -0.006470 -0.831521
96.141129 629.045654 -86.506310 -449.593292 0.007894 0.555621 -0.005844 -0.831378
96.393311 617.298401 -86.460800 -444.734314 0.009315 0.555797 -0.004784 -0.831252
96.643326 605.362671 -86.384956 -439.802673 0.004029 0.556157 -0.001671 -0.831066
96.894676 593.244751 -86.345543 -434.802917 0.005813 0.556085 -0.003720 -0.831097
97.147560 580.944519 -86.308083 -429.778107 0.005934 0.560128 -0.002122 -0.828382
97.397614 568.414124 -86.279831 -424.849945 0.005145 0.566302 -0.003347 -0.824175
97.650536 555.642212 -86.272682 -420.038666 0.005614 0.572074 -0.004383 -0.820171
97.903671 542.106079 -86.250732 -415.174774 0.005476 0.580156 -0.003921 -0.814478
98.154770 528.764587 -86.224716 -410.933044 0.005425 0.602787 -0.001440 -0.797883
98.407455 515.060608 -86.204147 -407.384003 0.004541 0.623551 -0.002545 -0.781766
98.658936 501.032288 -86.164391 -404.575439 0.005085 0.644948 -0.001935 -0.764207
98.910263 486.728607 -86.147453 -402.497009 0.004099 0.665632 -0.000565 -0.746269
99.161064 472.190826 -86.101952 -401.205444 0.006098 0.685882 -0.000792 -0.727686
99.412651 456.876648 -86.056419 -400.458466 0.009379 0.691040 -0.001701 -0.722754
99.665627 442.000916 -85.981781 -399.795715 0.008561 0.691157 -0.003056 -0.722648
99.917000 426.983154 -85.912033 -399.141724 0.007727 0.693079 -0.003023 -0.720814
100.167931 411.822937 -85.851501 -398.677246 0.009818 0.696761 -0.004517 -0.717222
100.419792 396.529266 -85.800056 -398.241669 0.010926 0.696945 -0.005782 -0.717018
100.671989 380.489014 -85.738548 -397.793243 0.010894 0.697167 -0.005893 -0.716802
100.923035 364.941376 -85.669434 -397.367279 0.010199 0.697392 -0.005224 -0.716598
101.175034 349.276703 -85.604469 -396.945709 0.009130 0.697543 -0.004013 -0.716474
101.428276 333.499451 -85.530739 -396.527496 0.007861 0.697764 -0.001562 -0.716283
101.681587 316.976654 -85.463959 -396.095917 0.007830 0.697823 -0.001721 -0.716226
101.934570 300.983826 -85.395561 -395.682617 0.005853 0.697940 -0.000863 -0.716132
102.186844 284.891083 -85.333015 -395.270935 0.006051 0.698023 -0.000674 -0.716049
102.436874 268.702850 -85.264450 -394.859894 0.004318 0.698097 0.001271 -0.715989
102.690964 252.424545 -85.196556 -394.448761 0.004201 0.698144 0.001676 -0.715943
102.944969 235.406021 -85.133667 -394.020294 0.003401 0.698122 0.001070 -0.715970
103.197105 218.947113 -85.067963 -393.607422 0.005901 0.698236 0.000604 -0.715843
